ln-omega,Solute,Solvent,Solvent_SMILES,ln-MN,T,Physical_state,Solute_SMILES_monomer,Solute_SMILES_ru_w,Solute_SMILES_ru_wo,Solute_SMILES_ru_ws,Solute_SMILES_oligomer_10
2.115049969147204,Epoxy resin (Eponol 55),"Acetic acid, butyl ester",CCCCOC(C)=O,10.126631103850338,423.2,,CC(C)(c2ccc(OCC1CO1)cc2)c4ccc(OCC3CO3)cc4.CC(C)(c1ccc(O)cc1)c2ccc(O)cc2,O9c1ccc(cc1)C(C)(C)c2ccc(cc2)OCC(O)C9,c1ccc(cc1)C(C)(C)c2ccc(cc2)OCC(O)CO,O*c1ccc(cc1)C(C)(C)c2ccc(cc2)OCC(O)C*,Oc1ccc(cc1)C(C)(C)c2ccc(cc2)OCC(O)COc1ccc(cc1)C(C)(C)c2ccc(cc2)OCC(O)COc1ccc(cc1)C(C)(C)c2ccc(cc2)OCC(O)COc1ccc(cc1)C(C)(C)c2ccc(cc2)OCC(O)COc1ccc(cc1)C(C)(C)c2ccc(cc2)OCC(O)COc1ccc(cc1)C(C)(C)c2ccc(cc2)OCC(O)COc1ccc(cc1)C(C)(C)c2ccc(cc2)OCC(O)COc1ccc(cc1)C(C)(C)c2ccc(cc2)OCC(O)COc1ccc(cc1)C(C)(C)c2ccc(cc2)OCC(O)COc1ccc(cc1)C(C)(C)c2ccc(cc2)OCC(O)C
2.128231705849268,Epoxy resin (Eponol 55),"Acetic acid, butyl ester",CCCCOC(C)=O,10.126631103850338,448.2,,CC(C)(c2ccc(OCC1CO1)cc2)c4ccc(OCC3CO3)cc4.CC(C)(c1ccc(O)cc1)c2ccc(O)cc2,O9c1ccc(cc1)C(C)(C)c2ccc(cc2)OCC(O)C9,c1ccc(cc1)C(C)(C)c2ccc(cc2)OCC(O)CO,O*c1ccc(cc1)C(C)(C)c2ccc(cc2)OCC(O)C*,Oc1ccc(cc1)C(C)(C)c2ccc(cc2)OCC(O)COc1ccc(cc1)C(C)(C)c2ccc(cc2)OCC(O)COc1ccc(cc1)C(C)(C)c2ccc(cc2)OCC(O)COc1ccc(cc1)C(C)(C)c2ccc(cc2)OCC(O)COc1ccc(cc1)C(C)(C)c2ccc(cc2)OCC(O)COc1ccc(cc1)C(C)(C)c2ccc(cc2)OCC(O)COc1ccc(cc1)C(C)(C)c2ccc(cc2)OCC(O)COc1ccc(cc1)C(C)(C)c2ccc(cc2)OCC(O)COc1ccc(cc1)C(C)(C)c2ccc(cc2)OCC(O)COc1ccc(cc1)C(C)(C)c2ccc(cc2)OCC(O)C
2.0438143640366846,Epoxy resin (Eponol 55),"Acetic acid, butyl ester",CCCCOC(C)=O,10.126631103850338,473.2,,CC(C)(c2ccc(OCC1CO1)cc2)c4ccc(OCC3CO3)cc4.CC(C)(c1ccc(O)cc1)c2ccc(O)cc2,O9c1ccc(cc1)C(C)(C)c2ccc(cc2)OCC(O)C9,c1ccc(cc1)C(C)(C)c2ccc(cc2)OCC(O)CO,O*c1ccc(cc1)C(C)(C)c2ccc(cc2)OCC(O)C*,Oc1ccc(cc1)C(C)(C)c2ccc(cc2)OCC(O)COc1ccc(cc1)C(C)(C)c2ccc(cc2)OCC(O)COc1ccc(cc1)C(C)(C)c2ccc(cc2)OCC(O)COc1ccc(cc1)C(C)(C)c2ccc(cc2)OCC(O)COc1ccc(cc1)C(C)(C)c2ccc(cc2)OCC(O)COc1ccc(cc1)C(C)(C)c2ccc(cc2)OCC(O)COc1ccc(cc1)C(C)(C)c2ccc(cc2)OCC(O)COc1ccc(cc1)C(C)(C)c2ccc(cc2)OCC(O)COc1ccc(cc1)C(C)(C)c2ccc(cc2)OCC(O)COc1ccc(cc1)C(C)(C)c2ccc(cc2)OCC(O)C
1.9061292790434687,Poly(ethyl methacrylate),"Acetic acid, butyl ester",CCCCOC(C)=O,11.877568578558138,417.7,,CCOC(=O)C(=C)C,CC(C)(C(=O)OCC),CC(C)(C(=O)OCC),C*C*(C)(C(=O)OCC),CC(C)(C(=O)OCC)CC(C)(C(=O)OCC)CC(C)(C(=O)OCC)CC(C)(C(=O)OCC)CC(C)(C(=O)OCC)CC(C)(C(=O)OCC)CC(C)(C(=O)OCC)CC(C)(C(=O)OCC)CC(C)(C(=O)OCC)CC(C)(C(=O)OCC)
1.7029282555214391,Poly(n-butyl methacrylate),"Acetic acid, butyl ester",CCCCOC(C)=O,11.205040685200927,393.2,,CCCCOC(=O)C(=C)C,C(C)(C(=O)OCCCC)C,C(C)(C(=O)OCCCC)C,C*(C)(C(=O)OCCCC)C*,C(C)(C(=O)OCCCC)CC(C)(C(=O)OCCCC)CC(C)(C(=O)OCCCC)CC(C)(C(=O)OCCCC)CC(C)(C(=O)OCCCC)CC(C)(C(=O)OCCCC)CC(C)(C(=O)OCCCC)CC(C)(C(=O)OCCCC)CC(C)(C(=O)OCCCC)CC(C)(C(=O)OCCCC)C
1.6974487897568136,Poly(n-butyl methacrylate),"Acetic acid, butyl ester",CCCCOC(C)=O,11.205040685200927,403.2,,CCCCOC(=O)C(=C)C,C(C)(C(=O)OCCCC)C,C(C)(C(=O)OCCCC)C,C*(C)(C(=O)OCCCC)C*,C(C)(C(=O)OCCCC)CC(C)(C(=O)OCCCC)CC(C)(C(=O)OCCCC)CC(C)(C(=O)OCCCC)CC(C)(C(=O)OCCCC)CC(C)(C(=O)OCCCC)CC(C)(C(=O)OCCCC)CC(C)(C(=O)OCCCC)CC(C)(C(=O)OCCCC)CC(C)(C(=O)OCCCC)C
1.691939133945844,Poly(n-butyl methacrylate),"Acetic acid, butyl ester",CCCCOC(C)=O,11.205040685200927,413.2,,CCCCOC(=O)C(=C)C,C(C)(C(=O)OCCCC)C,C(C)(C(=O)OCCCC)C,C*(C)(C(=O)OCCCC)C*,C(C)(C(=O)OCCCC)CC(C)(C(=O)OCCCC)CC(C)(C(=O)OCCCC)CC(C)(C(=O)OCCCC)CC(C)(C(=O)OCCCC)CC(C)(C(=O)OCCCC)CC(C)(C(=O)OCCCC)CC(C)(C(=O)OCCCC)CC(C)(C(=O)OCCCC)CC(C)(C(=O)OCCCC)C
1.8562979903656265,Poly(vinyl acetate),"Acetic acid, butyl ester",CCCCOC(C)=O,11.33080388817894,398.2,,CC(=O)OC=C,C(OC(=O)C)C,C(OC(=O)C)C,C*(OC(=O)C)C*,C(OC(=O)C)CC(OC(=O)C)CC(OC(=O)C)CC(OC(=O)C)CC(OC(=O)C)CC(OC(=O)C)CC(OC(=O)C)CC(OC(=O)C)CC(OC(=O)C)CC(OC(=O)C)C
1.874874375938561,Poly(vinyl acetate),"Acetic acid, butyl ester",CCCCOC(C)=O,11.33080388817894,423.2,,CC(=O)OC=C,C(OC(=O)C)C,C(OC(=O)C)C,C*(OC(=O)C)C*,C(OC(=O)C)CC(OC(=O)C)CC(OC(=O)C)CC(OC(=O)C)CC(OC(=O)C)CC(OC(=O)C)CC(OC(=O)C)CC(OC(=O)C)CC(OC(=O)C)CC(OC(=O)C)C
1.874874375938561,Poly(vinyl acetate),"Acetic acid, butyl ester",CCCCOC(C)=O,11.33080388817894,448.2,,CC(=O)OC=C,C(OC(=O)C)C,C(OC(=O)C)C,C*(OC(=O)C)C*,C(OC(=O)C)CC(OC(=O)C)CC(OC(=O)C)CC(OC(=O)C)CC(OC(=O)C)CC(OC(=O)C)CC(OC(=O)C)CC(OC(=O)C)CC(OC(=O)C)CC(OC(=O)C)C
1.884034745337226,Poly(vinyl acetate),"Acetic acid, butyl ester",CCCCOC(C)=O,11.33080388817894,473.2,,CC(=O)OC=C,C(OC(=O)C)C,C(OC(=O)C)C,C*(OC(=O)C)C*,C(OC(=O)C)CC(OC(=O)C)CC(OC(=O)C)CC(OC(=O)C)CC(OC(=O)C)CC(OC(=O)C)CC(OC(=O)C)CC(OC(=O)C)CC(OC(=O)C)CC(OC(=O)C)C
2.5726122302071057,Poly(vinyl chloride),"Acetic acid, butyl ester",CCCCOC(C)=O,10.596634733096073,383.0,,ClC=C,C(Cl)C,C(Cl)C,C*(Cl)C*,C(Cl)CC(Cl)CC(Cl)CC(Cl)CC(Cl)CC(Cl)CC(Cl)CC(Cl)CC(Cl)CC(Cl)C
2.501435951739211,Poly(vinyl chloride),"Acetic acid, butyl ester",CCCCOC(C)=O,10.596634733096073,413.0,,ClC=C,C(Cl)C,C(Cl)C,C*(Cl)C*,C(Cl)CC(Cl)CC(Cl)CC(Cl)CC(Cl)CC(Cl)CC(Cl)CC(Cl)CC(Cl)CC(Cl)C
1.6114359150967734,Polyethylene,"Acetic acid, butyl ester",CCCCOC(C)=O,9.615805480084347,413.0,,C=C,CC,CC,C*C*,CCCCCCCCCCCCCCCCCCCC
1.534714366238164,Polyethylene,"Acetic acid, butyl ester",CCCCOC(C)=O,9.615805480084347,443.0,,C=C,CC,CC,C*C*,CCCCCCCCCCCCCCCCCCCC
2.3978952727983707,Polystyrene,"Acetic acid, butyl ester",CCCCOC(C)=O,9.903487552536127,435.5,,C=CC1=CC=CC=C1,C(c1ccccc1)C,C(c1ccccc1)C,C*(c1ccccc1)C*,C(c1ccccc1)CC(c1ccccc1)CC(c1ccccc1)CC(c1ccccc1)CC(c1ccccc1)CC(c1ccccc1)CC(c1ccccc1)CC(c1ccccc1)CC(c1ccccc1)CC(c1ccccc1)C
2.302585092994046,Polystyrene,"Acetic acid, butyl ester",CCCCOC(C)=O,9.903487552536127,445.0,,C=CC1=CC=CC=C1,C(c1ccccc1)C,C(c1ccccc1)C,C*(c1ccccc1)C*,C(c1ccccc1)CC(c1ccccc1)CC(c1ccccc1)CC(c1ccccc1)CC(c1ccccc1)CC(c1ccccc1)CC(c1ccccc1)CC(c1ccccc1)CC(c1ccccc1)CC(c1ccccc1)C
2.4423470353692043,Polystyrene,"Acetic acid, butyl ester",CCCCOC(C)=O,9.903487552536127,492.9,,C=CC1=CC=CC=C1,C(c1ccccc1)C,C(c1ccccc1)C,C*(c1ccccc1)C*,C(c1ccccc1)CC(c1ccccc1)CC(c1ccccc1)CC(c1ccccc1)CC(c1ccccc1)CC(c1ccccc1)CC(c1ccccc1)CC(c1ccccc1)CC(c1ccccc1)CC(c1ccccc1)C
1.99197551589856,Polystyrene,"Acetic acid, butyl ester",CCCCOC(C)=O,9.903487552536127,502.6,,C=CC1=CC=CC=C1,C(c1ccccc1)C,C(c1ccccc1)C,C*(c1ccccc1)C*,C(c1ccccc1)CC(c1ccccc1)CC(c1ccccc1)CC(c1ccccc1)CC(c1ccccc1)CC(c1ccccc1)CC(c1ccccc1)CC(c1ccccc1)CC(c1ccccc1)CC(c1ccccc1)C
1.4929040961781488,Poly(N-(n-octadecyl)maleimide),1-Hexanol,CCCCCCO,12.154779351142624,403.2,,CCCCCCCCCCCCCCCCCCN1C(=O)CCC1=O,CCCCCCCCCCCCCCCCCCN1C(=O)CCC1=O,CCCCCCCCCCCCCCCCCCN1C(=O)CCC1=O,C1C(=O)N(CCCCCCCCCCCCCCCCCC)C(=O)C1*,C1C(=O)N(CCCCCCCCCCCCCCCCCC)C(=O)C1C1C(=O)N(CCCCCCCCCCCCCCCCCC)C(=O)C1C1C(=O)N(CCCCCCCCCCCCCCCCCC)C(=O)C1C1C(=O)N(CCCCCCCCCCCCCCCCCC)C(=O)C1C1C(=O)N(CCCCCCCCCCCCCCCCCC)C(=O)C1C1C(=O)N(CCCCCCCCCCCCCCCCCC)C(=O)C1C1C(=O)N(CCCCCCCCCCCCCCCCCC)C(=O)C1C1C(=O)N(CCCCCCCCCCCCCCCCCC)C(=O)C1C1C(=O)N(CCCCCCCCCCCCCCCCCC)C(=O)C1C1C(=O)N(CCCCCCCCCCCCCCCCCC)C(=O)C1
1.3887912413184778,Poly(N-(n-octadecyl)maleimide),1-Hexanol,CCCCCCO,12.154779351142624,413.2,,CCCCCCCCCCCCCCCCCCN1C(=O)CCC1=O,CCCCCCCCCCCCCCCCCCN1C(=O)CCC1=O,CCCCCCCCCCCCCCCCCCN1C(=O)CCC1=O,C1C(=O)N(CCCCCCCCCCCCCCCCCC)C(=O)C1*,C1C(=O)N(CCCCCCCCCCCCCCCCCC)C(=O)C1C1C(=O)N(CCCCCCCCCCCCCCCCCC)C(=O)C1C1C(=O)N(CCCCCCCCCCCCCCCCCC)C(=O)C1C1C(=O)N(CCCCCCCCCCCCCCCCCC)C(=O)C1C1C(=O)N(CCCCCCCCCCCCCCCCCC)C(=O)C1C1C(=O)N(CCCCCCCCCCCCCCCCCC)C(=O)C1C1C(=O)N(CCCCCCCCCCCCCCCCCC)C(=O)C1C1C(=O)N(CCCCCCCCCCCCCCCCCC)C(=O)C1C1C(=O)N(CCCCCCCCCCCCCCCCCC)C(=O)C1C1C(=O)N(CCCCCCCCCCCCCCCCCC)C(=O)C1
1.2809338454620642,Poly(N-(n-octadecyl)maleimide),1-Hexanol,CCCCCCO,12.154779351142624,423.2,,CCCCCCCCCCCCCCCCCCN1C(=O)CCC1=O,CCCCCCCCCCCCCCCCCCN1C(=O)CCC1=O,CCCCCCCCCCCCCCCCCCN1C(=O)CCC1=O,C1C(=O)N(CCCCCCCCCCCCCCCCCC)C(=O)C1*,C1C(=O)N(CCCCCCCCCCCCCCCCCC)C(=O)C1C1C(=O)N(CCCCCCCCCCCCCCCCCC)C(=O)C1C1C(=O)N(CCCCCCCCCCCCCCCCCC)C(=O)C1C1C(=O)N(CCCCCCCCCCCCCCCCCC)C(=O)C1C1C(=O)N(CCCCCCCCCCCCCCCCCC)C(=O)C1C1C(=O)N(CCCCCCCCCCCCCCCCCC)C(=O)C1C1C(=O)N(CCCCCCCCCCCCCCCCCC)C(=O)C1C1C(=O)N(CCCCCCCCCCCCCCCCCC)C(=O)C1C1C(=O)N(CCCCCCCCCCCCCCCCCC)C(=O)C1C1C(=O)N(CCCCCCCCCCCCCCCCCC)C(=O)C1
1.184789984909162,Poly(N-(n-octadecyl)maleimide),1-Hexanol,CCCCCCO,12.154779351142624,433.2,,CCCCCCCCCCCCCCCCCCN1C(=O)CCC1=O,CCCCCCCCCCCCCCCCCCN1C(=O)CCC1=O,CCCCCCCCCCCCCCCCCCN1C(=O)CCC1=O,C1C(=O)N(CCCCCCCCCCCCCCCCCC)C(=O)C1*,C1C(=O)N(CCCCCCCCCCCCCCCCCC)C(=O)C1C1C(=O)N(CCCCCCCCCCCCCCCCCC)C(=O)C1C1C(=O)N(CCCCCCCCCCCCCCCCCC)C(=O)C1C1C(=O)N(CCCCCCCCCCCCCCCCCC)C(=O)C1C1C(=O)N(CCCCCCCCCCCCCCCCCC)C(=O)C1C1C(=O)N(CCCCCCCCCCCCCCCCCC)C(=O)C1C1C(=O)N(CCCCCCCCCCCCCCCCCC)C(=O)C1C1C(=O)N(CCCCCCCCCCCCCCCCCC)C(=O)C1C1C(=O)N(CCCCCCCCCCCCCCCCCC)C(=O)C1C1C(=O)N(CCCCCCCCCCCCCCCCCC)C(=O)C1
1.1085626195212777,Poly(N-(n-octadecyl)maleimide),1-Hexanol,CCCCCCO,12.154779351142624,443.2,,CCCCCCCCCCCCCCCCCCN1C(=O)CCC1=O,CCCCCCCCCCCCCCCCCCN1C(=O)CCC1=O,CCCCCCCCCCCCCCCCCCN1C(=O)CCC1=O,C1C(=O)N(CCCCCCCCCCCCCCCCCC)C(=O)C1*,C1C(=O)N(CCCCCCCCCCCCCCCCCC)C(=O)C1C1C(=O)N(CCCCCCCCCCCCCCCCCC)C(=O)C1C1C(=O)N(CCCCCCCCCCCCCCCCCC)C(=O)C1C1C(=O)N(CCCCCCCCCCCCCCCCCC)C(=O)C1C1C(=O)N(CCCCCCCCCCCCCCCCCC)C(=O)C1C1C(=O)N(CCCCCCCCCCCCCCCCCC)C(=O)C1C1C(=O)N(CCCCCCCCCCCCCCCCCC)C(=O)C1C1C(=O)N(CCCCCCCCCCCCCCCCCC)C(=O)C1C1C(=O)N(CCCCCCCCCCCCCCCCCC)C(=O)C1C1C(=O)N(CCCCCCCCCCCCCCCCCC)C(=O)C1
1.874874375938561,Poly(dimethylsiloxane),"Benzene, ethyl",CCc1ccccc1,10.308952660644293,333.2,,C[Si](C)(Cl)Cl.CO[Si](C)(C)OC,[Si](C)(C)O,[Si](C)(C)O,[Si]*(C)(C)O*,[Si](C)(C)O[Si](C)(C)O[Si](C)(C)O[Si](C)(C)O[Si](C)(C)O[Si](C)(C)O[Si](C)(C)O[Si](C)(C)O[Si](C)(C)O[Si](C)(C)O
1.8594181177018696,Poly(dimethylsiloxane),"Benzene, ethyl",CCc1ccccc1,10.308952660644293,353.2,,C[Si](C)(Cl)Cl.CO[Si](C)(C)OC,[Si](C)(C)O,[Si](C)(C)O,[Si]*(C)(C)O*,[Si](C)(C)O[Si](C)(C)O[Si](C)(C)O[Si](C)(C)O[Si](C)(C)O[Si](C)(C)O[Si](C)(C)O[Si](C)(C)O[Si](C)(C)O[Si](C)(C)O
1.8468787684491343,Poly(dimethylsiloxane),"Benzene, ethyl",CCc1ccccc1,10.308952660644293,373.2,,C[Si](C)(Cl)Cl.CO[Si](C)(C)OC,[Si](C)(C)O,[Si](C)(C)O,[Si]*(C)(C)O*,[Si](C)(C)O[Si](C)(C)O[Si](C)(C)O[Si](C)(C)O[Si](C)(C)O[Si](C)(C)O[Si](C)(C)O[Si](C)(C)O[Si](C)(C)O[Si](C)(C)O
1.8357763546448287,Poly(dimethylsiloxane),"Benzene, ethyl",CCc1ccccc1,10.308952660644293,393.2,,C[Si](C)(Cl)Cl.CO[Si](C)(C)OC,[Si](C)(C)O,[Si](C)(C)O,[Si]*(C)(C)O*,[Si](C)(C)O[Si](C)(C)O[Si](C)(C)O[Si](C)(C)O[Si](C)(C)O[Si](C)(C)O[Si](C)(C)O[Si](C)(C)O[Si](C)(C)O[Si](C)(C)O
1.824549292051046,Poly(dimethylsiloxane),"Benzene, ethyl",CCc1ccccc1,10.308952660644293,413.2,,C[Si](C)(Cl)Cl.CO[Si](C)(C)OC,[Si](C)(C)O,[Si](C)(C)O,[Si]*(C)(C)O*,[Si](C)(C)O[Si](C)(C)O[Si](C)(C)O[Si](C)(C)O[Si](C)(C)O[Si](C)(C)O[Si](C)(C)O[Si](C)(C)O[Si](C)(C)O[Si](C)(C)O
1.8164520818184269,Poly(dimethylsiloxane),"Benzene, ethyl",CCc1ccccc1,10.308952660644293,433.2,,C[Si](C)(Cl)Cl.CO[Si](C)(C)OC,[Si](C)(C)O,[Si](C)(C)O,[Si]*(C)(C)O*,[Si](C)(C)O[Si](C)(C)O[Si](C)(C)O[Si](C)(C)O[Si](C)(C)O[Si](C)(C)O[Si](C)(C)O[Si](C)(C)O[Si](C)(C)O[Si](C)(C)O
1.8115620965242347,Poly(dimethylsiloxane),"Benzene, ethyl",CCc1ccccc1,10.308952660644293,453.2,,C[Si](C)(Cl)Cl.CO[Si](C)(C)OC,[Si](C)(C)O,[Si](C)(C)O,[Si]*(C)(C)O*,[Si](C)(C)O[Si](C)(C)O[Si](C)(C)O[Si](C)(C)O[Si](C)(C)O[Si](C)(C)O[Si](C)(C)O[Si](C)(C)O[Si](C)(C)O[Si](C)(C)O
1.804840208766585,Poly(ethyl methacrylate),"Benzene, ethyl",CCc1ccccc1,11.877568578558138,417.7,,CCOC(=O)C(=C)C,CC(C)(C(=O)OCC),CC(C)(C(=O)OCC),C*C*(C)(C(=O)OCC),CC(C)(C(=O)OCC)CC(C)(C(=O)OCC)CC(C)(C(=O)OCC)CC(C)(C(=O)OCC)CC(C)(C(=O)OCC)CC(C)(C(=O)OCC)CC(C)(C(=O)OCC)CC(C)(C(=O)OCC)CC(C)(C(=O)OCC)CC(C)(C(=O)OCC)
1.6956156086751528,Poly(ethylene oxide),"Benzene, ethyl",CCc1ccccc1,9.277999020449997,373.2,,C1CO1,C9CO9,CCO,C*CO*,CCOCCOCCOCCOCCOCCOCCOCCOCCOCCO
1.6882490928583902,Poly(ethylene oxide),"Benzene, ethyl",CCc1ccccc1,9.277999020449997,393.2,,C1CO1,C9CO9,CCO,C*CO*,CCOCCOCCOCCOCCOCCOCCOCCOCCOCCO
2.079441541679836,Poly(methyl acrylate),"Benzene, ethyl",CCc1ccccc1,11.054059580134949,363.2,,COC(=O)C=C,C(COOC)C,C(COOC)C,C*(COOC)C*,C(COOC)CC(COOC)CC(COOC)CC(COOC)CC(COOC)CC(COOC)CC(COOC)CC(COOC)CC(COOC)CC(COOC)C
2.030776369698555,Poly(methyl acrylate),"Benzene, ethyl",CCc1ccccc1,11.054059580134949,373.2,,COC(=O)C=C,C(COOC)C,C(COOC)C,C*(COOC)C*,C(COOC)CC(COOC)CC(COOC)CC(COOC)CC(COOC)CC(COOC)CC(COOC)CC(COOC)CC(COOC)CC(COOC)C
2.0149030205422647,Poly(methyl acrylate),"Benzene, ethyl",CCc1ccccc1,11.054059580134949,383.2,,COC(=O)C=C,C(COOC)C,C(COOC)C,C*(COOC)C*,C(COOC)CC(COOC)CC(COOC)CC(COOC)CC(COOC)CC(COOC)CC(COOC)CC(COOC)CC(COOC)CC(COOC)C
1.7984040119467235,Poly(methyl methacrylate),"Benzene, ethyl",CCc1ccccc1,11.512925464970229,423.0,,COC(=O)C(=C)C,C(C)(COOC)C,C(C)(COOC)C,C*(C)(COOC)C*,C(C)(COOC)CC(C)(COOC)CC(C)(COOC)CC(C)(COOC)CC(C)(COOC)CC(C)(COOC)CC(C)(COOC)CC(C)(COOC)CC(C)(COOC)CC(C)(COOC)C
2.2364452904895007,Poly(methyl methacrylate),"Benzene, ethyl",CCc1ccccc1,8.717190933223135,423.0,,COC(=O)C(=C)C,C(C)(COOC)C,C(C)(COOC)C,C*(C)(COOC)C*,C(C)(COOC)CC(C)(COOC)CC(C)(COOC)CC(C)(COOC)CC(C)(COOC)CC(C)(COOC)CC(C)(COOC)CC(C)(COOC)CC(C)(COOC)CC(C)(COOC)C
2.130609828254235,Poly(methyl methacrylate),"Benzene, ethyl",CCc1ccccc1,8.717190933223135,448.0,,COC(=O)C(=C)C,C(C)(COOC)C,C(C)(COOC)C,C*(C)(COOC)C*,C(C)(COOC)CC(C)(COOC)CC(C)(COOC)CC(C)(COOC)CC(C)(COOC)CC(C)(COOC)CC(C)(COOC)CC(C)(COOC)CC(C)(COOC)CC(C)(COOC)C
2.0831845279586703,Poly(methyl methacrylate),"Benzene, ethyl",CCc1ccccc1,8.717190933223135,473.0,,COC(=O)C(=C)C,C(C)(COOC)C,C(C)(COOC)C,C*(C)(COOC)C*,C(C)(COOC)CC(C)(COOC)CC(C)(COOC)CC(C)(COOC)CC(C)(COOC)CC(C)(COOC)CC(C)(COOC)CC(C)(COOC)CC(C)(COOC)CC(C)(COOC)C
1.4398351280479205,Poly(n-butyl methacrylate),"Benzene, ethyl",CCc1ccccc1,9.072915696064513,373.0,,CCCCOC(=O)C(=C)C,C(C)(C(=O)OCCCC)C,C(C)(C(=O)OCCCC)C,C*(C)(C(=O)OCCCC)C*,C(C)(C(=O)OCCCC)CC(C)(C(=O)OCCCC)CC(C)(C(=O)OCCCC)CC(C)(C(=O)OCCCC)CC(C)(C(=O)OCCCC)CC(C)(C(=O)OCCCC)CC(C)(C(=O)OCCCC)CC(C)(C(=O)OCCCC)CC(C)(C(=O)OCCCC)CC(C)(C(=O)OCCCC)C
1.43746264769429,Poly(n-butyl methacrylate),"Benzene, ethyl",CCc1ccccc1,9.072915696064513,393.0,,CCCCOC(=O)C(=C)C,C(C)(C(=O)OCCCC)C,C(C)(C(=O)OCCCC)C,C*(C)(C(=O)OCCCC)C*,C(C)(C(=O)OCCCC)CC(C)(C(=O)OCCCC)CC(C)(C(=O)OCCCC)CC(C)(C(=O)OCCCC)CC(C)(C(=O)OCCCC)CC(C)(C(=O)OCCCC)CC(C)(C(=O)OCCCC)CC(C)(C(=O)OCCCC)CC(C)(C(=O)OCCCC)CC(C)(C(=O)OCCCC)C
1.4562867329399256,Poly(n-butyl methacrylate),"Benzene, ethyl",CCc1ccccc1,9.072915696064513,413.0,,CCCCOC(=O)C(=C)C,C(C)(C(=O)OCCCC)C,C(C)(C(=O)OCCCC)C,C*(C)(C(=O)OCCCC)C*,C(C)(C(=O)OCCCC)CC(C)(C(=O)OCCCC)CC(C)(C(=O)OCCCC)CC(C)(C(=O)OCCCC)CC(C)(C(=O)OCCCC)CC(C)(C(=O)OCCCC)CC(C)(C(=O)OCCCC)CC(C)(C(=O)OCCCC)CC(C)(C(=O)OCCCC)CC(C)(C(=O)OCCCC)C
1.6639260977181702,Poly(vinyl acetate),"Benzene, ethyl",CCc1ccccc1,10.774780918479548,374.1,,CC(=O)OC=C,C(OC(=O)C)C,C(OC(=O)C)C,C*(OC(=O)C)C*,C(OC(=O)C)CC(OC(=O)C)CC(OC(=O)C)CC(OC(=O)C)CC(OC(=O)C)CC(OC(=O)C)CC(OC(=O)C)CC(OC(=O)C)CC(OC(=O)C)CC(OC(=O)C)C
1.724550719534605,Poly(vinyl acetate),"Benzene, ethyl",CCc1ccccc1,10.774780918479548,392.7,,CC(=O)OC=C,C(OC(=O)C)C,C(OC(=O)C)C,C*(OC(=O)C)C*,C(OC(=O)C)CC(OC(=O)C)CC(OC(=O)C)CC(OC(=O)C)CC(OC(=O)C)CC(OC(=O)C)CC(OC(=O)C)CC(OC(=O)C)CC(OC(=O)C)CC(OC(=O)C)C
1.7783364488959144,Poly(vinyl acetate),"Benzene, ethyl",CCc1ccccc1,10.774780918479548,413.2,,CC(=O)OC=C,C(OC(=O)C)C,C(OC(=O)C)C,C*(OC(=O)C)C*,C(OC(=O)C)CC(OC(=O)C)CC(OC(=O)C)CC(OC(=O)C)CC(OC(=O)C)CC(OC(=O)C)CC(OC(=O)C)CC(OC(=O)C)CC(OC(=O)C)CC(OC(=O)C)C
1.8656293177945105,Poly(vinyl acetate),"Benzene, ethyl",CCc1ccccc1,10.774780918479548,433.0,,CC(=O)OC=C,C(OC(=O)C)C,C(OC(=O)C)C,C*(OC(=O)C)C*,C(OC(=O)C)CC(OC(=O)C)CC(OC(=O)C)CC(OC(=O)C)CC(OC(=O)C)CC(OC(=O)C)CC(OC(=O)C)CC(OC(=O)C)CC(OC(=O)C)CC(OC(=O)C)C
1.3506671834767394,Poly(vinyl methyl ether),"Benzene, ethyl",CCc1ccccc1,10.519483673907658,423.0,,COC=C,C(OC)C,C(OC)C,C*(OC)C*,C(OC)CC(OC)CC(OC)CC(OC)CC(OC)CC(OC)CC(OC)CC(OC)CC(OC)CC(OC)C
1.2119409739751128,Polybutadiene,"Benzene, ethyl",CCc1ccccc1,10.025705185260378,353.0,,C=CC=C,C9C=CC9,CC=CC,C*C=CC*,CC=CCCC=CCCC=CCCC=CCCC=CCCC=CCCC=CCCC=CCCC=CCCC=CC
1.205970806988609,Polybutadiene,"Benzene, ethyl",CCc1ccccc1,10.025705185260378,363.0,,C=CC=C,C9C=CC9,CC=CC,C*C=CC*,CC=CCCC=CCCC=CCCC=CCCC=CCCC=CCCC=CCCC=CCCC=CCCC=CC
1.2149127443642704,Polybutadiene,"Benzene, ethyl",CCc1ccccc1,10.025705185260378,373.0,,C=CC=C,C9C=CC9,CC=CC,C*C=CC*,CC=CCCC=CCCC=CCCC=CCCC=CCCC=CCCC=CCCC=CCCC=CCCC=CC
1.3635373739972745,Polyisoprene,"Benzene, ethyl",CCc1ccccc1,9.287301413112312,328.0,,CC(=C)C=C,C9C=C(C)C9,CC=C(C)C,C*C=C(C)C*,CC=C(C)CCC=C(C)CCC=C(C)CCC=C(C)CCC=C(C)CCC=C(C)CCC=C(C)CCC=C(C)CCC=C(C)CCC=C(C)C
1.4469189829363254,Polystyrene,"Benzene, ethyl",CCc1ccccc1,11.695247021764184,383.2,,C=CC1=CC=CC=C1,C(c1ccccc1)C,C(c1ccccc1)C,C*(c1ccccc1)C*,C(c1ccccc1)CC(c1ccccc1)CC(c1ccccc1)CC(c1ccccc1)CC(c1ccccc1)CC(c1ccccc1)CC(c1ccccc1)CC(c1ccccc1)CC(c1ccccc1)CC(c1ccccc1)C
1.5303947050936475,Polystyrene,"Benzene, ethyl",CCc1ccccc1,11.695247021764184,393.3,,C=CC1=CC=CC=C1,C(c1ccccc1)C,C(c1ccccc1)C,C*(c1ccccc1)C*,C(c1ccccc1)CC(c1ccccc1)CC(c1ccccc1)CC(c1ccccc1)CC(c1ccccc1)CC(c1ccccc1)CC(c1ccccc1)CC(c1ccccc1)CC(c1ccccc1)CC(c1ccccc1)C
1.4861396960896067,Polystyrene,"Benzene, ethyl",CCc1ccccc1,11.695247021764184,393.4,,C=CC1=CC=CC=C1,C(c1ccccc1)C,C(c1ccccc1)C,C*(c1ccccc1)C*,C(c1ccccc1)CC(c1ccccc1)CC(c1ccccc1)CC(c1ccccc1)CC(c1ccccc1)CC(c1ccccc1)CC(c1ccccc1)CC(c1ccccc1)CC(c1ccccc1)CC(c1ccccc1)C
1.7613002617433464,Polystyrene,"Benzene, ethyl",CCc1ccccc1,14.392123922268269,395.5,Amorphous,C=CC1=CC=CC=C1,C(c1ccccc1)C,C(c1ccccc1)C,C*(c1ccccc1)C*,C(c1ccccc1)CC(c1ccccc1)CC(c1ccccc1)CC(c1ccccc1)CC(c1ccccc1)CC(c1ccccc1)CC(c1ccccc1)CC(c1ccccc1)CC(c1ccccc1)CC(c1ccccc1)C
1.5644405465033646,Polystyrene,"Benzene, ethyl",CCc1ccccc1,11.474184636653796,396.5,Amorphous,C=CC1=CC=CC=C1,C(c1ccccc1)C,C(c1ccccc1)C,C*(c1ccccc1)C*,C(c1ccccc1)CC(c1ccccc1)CC(c1ccccc1)CC(c1ccccc1)CC(c1ccccc1)CC(c1ccccc1)CC(c1ccccc1)CC(c1ccccc1)CC(c1ccccc1)CC(c1ccccc1)C
1.4134230285081433,Polystyrene,"Benzene, ethyl",CCc1ccccc1,8.16735198705607,400.0,,C=CC1=CC=CC=C1,C(c1ccccc1)C,C(c1ccccc1)C,C*(c1ccccc1)C*,C(c1ccccc1)CC(c1ccccc1)CC(c1ccccc1)CC(c1ccccc1)CC(c1ccccc1)CC(c1ccccc1)CC(c1ccccc1)CC(c1ccccc1)CC(c1ccccc1)CC(c1ccccc1)C
1.5325568680981427,Polystyrene,"Benzene, ethyl",CCc1ccccc1,11.695247021764184,403.4,,C=CC1=CC=CC=C1,C(c1ccccc1)C,C(c1ccccc1)C,C*(c1ccccc1)C*,C(c1ccccc1)CC(c1ccccc1)CC(c1ccccc1)CC(c1ccccc1)CC(c1ccccc1)CC(c1ccccc1)CC(c1ccccc1)CC(c1ccccc1)CC(c1ccccc1)CC(c1ccccc1)C
1.5195132049061133,Polystyrene,"Benzene, ethyl",CCc1ccccc1,11.695247021764184,403.6,,C=CC1=CC=CC=C1,C(c1ccccc1)C,C(c1ccccc1)C,C*(c1ccccc1)C*,C(c1ccccc1)CC(c1ccccc1)CC(c1ccccc1)CC(c1ccccc1)CC(c1ccccc1)CC(c1ccccc1)CC(c1ccccc1)CC(c1ccccc1)CC(c1ccccc1)CC(c1ccccc1)C
1.6114359150967734,Polystyrene,"Benzene, ethyl",CCc1ccccc1,10.832891923555666,413.0,Atactic,C=CC1=CC=CC=C1,C(c1ccccc1)C,C(c1ccccc1)C,C*(c1ccccc1)C*,C(c1ccccc1)CC(c1ccccc1)CC(c1ccccc1)CC(c1ccccc1)CC(c1ccccc1)CC(c1ccccc1)CC(c1ccccc1)CC(c1ccccc1)CC(c1ccccc1)CC(c1ccccc1)C
1.7119945007591924,Polystyrene,"Benzene, ethyl",CCc1ccccc1,11.238488619268468,413.2,Linear,C=CC1=CC=CC=C1,C(c1ccccc1)C,C(c1ccccc1)C,C*(c1ccccc1)C*,C(c1ccccc1)CC(c1ccccc1)CC(c1ccccc1)CC(c1ccccc1)CC(c1ccccc1)CC(c1ccccc1)CC(c1ccccc1)CC(c1ccccc1)CC(c1ccccc1)CC(c1ccccc1)C
1.5390154481375546,Polystyrene,"Benzene, ethyl",CCc1ccccc1,11.695247021764184,413.8,,C=CC1=CC=CC=C1,C(c1ccccc1)C,C(c1ccccc1)C,C*(c1ccccc1)C*,C(c1ccccc1)CC(c1ccccc1)CC(c1ccccc1)CC(c1ccccc1)CC(c1ccccc1)CC(c1ccccc1)CC(c1ccccc1)CC(c1ccccc1)CC(c1ccccc1)CC(c1ccccc1)C
1.5623463049002495,Polystyrene,"Benzene, ethyl",CCc1ccccc1,11.474184636653796,420.0,Amorphous,C=CC1=CC=CC=C1,C(c1ccccc1)C,C(c1ccccc1)C,C*(c1ccccc1)C*,C(c1ccccc1)CC(c1ccccc1)CC(c1ccccc1)CC(c1ccccc1)CC(c1ccccc1)CC(c1ccccc1)CC(c1ccccc1)CC(c1ccccc1)CC(c1ccccc1)CC(c1ccccc1)C
1.665818245870208,Polystyrene,"Benzene, ethyl",CCc1ccccc1,14.392123922268269,420.9,Amorphous,C=CC1=CC=CC=C1,C(c1ccccc1)C,C(c1ccccc1)C,C*(c1ccccc1)C*,C(c1ccccc1)CC(c1ccccc1)CC(c1ccccc1)CC(c1ccccc1)CC(c1ccccc1)CC(c1ccccc1)CC(c1ccccc1)CC(c1ccccc1)CC(c1ccccc1)CC(c1ccccc1)C
1.4350845252893227,Polystyrene,"Benzene, ethyl",CCc1ccccc1,8.16735198705607,421.6,,C=CC1=CC=CC=C1,C(c1ccccc1)C,C(c1ccccc1)C,C*(c1ccccc1)C*,C(c1ccccc1)CC(c1ccccc1)CC(c1ccccc1)CC(c1ccccc1)CC(c1ccccc1)CC(c1ccccc1)CC(c1ccccc1)CC(c1ccccc1)CC(c1ccccc1)CC(c1ccccc1)C
1.6114359150967734,Polystyrene,"Benzene, ethyl",CCc1ccccc1,10.832891923555666,423.0,Atactic,C=CC1=CC=CC=C1,C(c1ccccc1)C,C(c1ccccc1)C,C*(c1ccccc1)C*,C(c1ccccc1)CC(c1ccccc1)CC(c1ccccc1)CC(c1ccccc1)CC(c1ccccc1)CC(c1ccccc1)CC(c1ccccc1)CC(c1ccccc1)CC(c1ccccc1)CC(c1ccccc1)C
1.5602476682433286,Polystyrene,"Benzene, ethyl",CCc1ccccc1,9.711721536914174,423.0,Atactic,C=CC1=CC=CC=C1,C(c1ccccc1)C,C(c1ccccc1)C,C*(c1ccccc1)C*,C(c1ccccc1)CC(c1ccccc1)CC(c1ccccc1)CC(c1ccccc1)CC(c1ccccc1)CC(c1ccccc1)CC(c1ccccc1)CC(c1ccccc1)CC(c1ccccc1)CC(c1ccccc1)C
1.7047480922384253,Polystyrene,"Benzene, ethyl",CCc1ccccc1,11.238488619268468,423.2,Linear,C=CC1=CC=CC=C1,C(c1ccccc1)C,C(c1ccccc1)C,C*(c1ccccc1)C*,C(c1ccccc1)CC(c1ccccc1)CC(c1ccccc1)CC(c1ccccc1)CC(c1ccccc1)CC(c1ccccc1)CC(c1ccccc1)CC(c1ccccc1)CC(c1ccccc1)CC(c1ccccc1)C
1.601405740736836,Polystyrene,"Benzene, ethyl",CCc1ccccc1,11.48246625748552,423.2,,C=CC1=CC=CC=C1,C(c1ccccc1)C,C(c1ccccc1)C,C*(c1ccccc1)C*,C(c1ccccc1)CC(c1ccccc1)CC(c1ccccc1)CC(c1ccccc1)CC(c1ccccc1)CC(c1ccccc1)CC(c1ccccc1)CC(c1ccccc1)CC(c1ccccc1)CC(c1ccccc1)C
1.6134299337036375,Polystyrene,"Benzene, ethyl",CCc1ccccc1,10.832891923555666,433.0,Atactic,C=CC1=CC=CC=C1,C(c1ccccc1)C,C(c1ccccc1)C,C*(c1ccccc1)C*,C(c1ccccc1)CC(c1ccccc1)CC(c1ccccc1)CC(c1ccccc1)CC(c1ccccc1)CC(c1ccccc1)CC(c1ccccc1)CC(c1ccccc1)CC(c1ccccc1)CC(c1ccccc1)C
1.6992786164338898,Polystyrene,"Benzene, ethyl",CCc1ccccc1,11.238488619268468,433.2,Linear,C=CC1=CC=CC=C1,C(c1ccccc1)C,C(c1ccccc1)C,C*(c1ccccc1)C*,C(c1ccccc1)CC(c1ccccc1)CC(c1ccccc1)CC(c1ccccc1)CC(c1ccccc1)CC(c1ccccc1)CC(c1ccccc1)CC(c1ccccc1)CC(c1ccccc1)CC(c1ccccc1)C
1.8115620965242347,Polystyrene,"Benzene, ethyl",CCc1ccccc1,9.711721536914174,442.5,Atactic,C=CC1=CC=CC=C1,C(c1ccccc1)C,C(c1ccccc1)C,C*(c1ccccc1)C*,C(c1ccccc1)CC(c1ccccc1)CC(c1ccccc1)CC(c1ccccc1)CC(c1ccccc1)CC(c1ccccc1)CC(c1ccccc1)CC(c1ccccc1)CC(c1ccccc1)CC(c1ccccc1)C
1.6174060820832772,Polystyrene,"Benzene, ethyl",CCc1ccccc1,10.832891923555666,443.0,Atactic,C=CC1=CC=CC=C1,C(c1ccccc1)C,C(c1ccccc1)C,C*(c1ccccc1)C*,C(c1ccccc1)CC(c1ccccc1)CC(c1ccccc1)CC(c1ccccc1)CC(c1ccccc1)CC(c1ccccc1)CC(c1ccccc1)CC(c1ccccc1)CC(c1ccccc1)CC(c1ccccc1)C
1.396244691973059,Polystyrene,"Benzene, ethyl",CCc1ccccc1,8.16735198705607,444.8,,C=CC1=CC=CC=C1,C(c1ccccc1)C,C(c1ccccc1)C,C*(c1ccccc1)C*,C(c1ccccc1)CC(c1ccccc1)CC(c1ccccc1)CC(c1ccccc1)CC(c1ccccc1)CC(c1ccccc1)CC(c1ccccc1)CC(c1ccccc1)CC(c1ccccc1)CC(c1ccccc1)C
1.6428726885203375,Polystyrene,"Benzene, ethyl",CCc1ccccc1,14.392123922268269,445.9,Amorphous,C=CC1=CC=CC=C1,C(c1ccccc1)C,C(c1ccccc1)C,C*(c1ccccc1)C*,C(c1ccccc1)CC(c1ccccc1)CC(c1ccccc1)CC(c1ccccc1)CC(c1ccccc1)CC(c1ccccc1)CC(c1ccccc1)CC(c1ccccc1)CC(c1ccccc1)CC(c1ccccc1)C
1.545432582458188,Polystyrene,"Benzene, ethyl",CCc1ccccc1,11.474184636653796,447.5,Amorphous,C=CC1=CC=CC=C1,C(c1ccccc1)C,C(c1ccccc1)C,C*(c1ccccc1)C*,C(c1ccccc1)CC(c1ccccc1)CC(c1ccccc1)CC(c1ccccc1)CC(c1ccccc1)CC(c1ccccc1)CC(c1ccccc1)CC(c1ccccc1)CC(c1ccccc1)CC(c1ccccc1)C
1.6992786164338898,Polystyrene,"Benzene, ethyl",CCc1ccccc1,11.48246625748552,448.2,,C=CC1=CC=CC=C1,C(c1ccccc1)C,C(c1ccccc1)C,C*(c1ccccc1)C*,C(c1ccccc1)CC(c1ccccc1)CC(c1ccccc1)CC(c1ccccc1)CC(c1ccccc1)CC(c1ccccc1)CC(c1ccccc1)CC(c1ccccc1)CC(c1ccccc1)CC(c1ccccc1)C
1.7884205679625405,Polystyrene,"Benzene, ethyl",CCc1ccccc1,9.711721536914174,452.5,Atactic,C=CC1=CC=CC=C1,C(c1ccccc1)C,C(c1ccccc1)C,C*(c1ccccc1)C*,C(c1ccccc1)CC(c1ccccc1)CC(c1ccccc1)CC(c1ccccc1)CC(c1ccccc1)CC(c1ccccc1)CC(c1ccccc1)CC(c1ccccc1)CC(c1ccccc1)CC(c1ccccc1)C
1.6174060820832772,Polystyrene,"Benzene, ethyl",CCc1ccccc1,10.832891923555666,453.0,Atactic,C=CC1=CC=CC=C1,C(c1ccccc1)C,C(c1ccccc1)C,C*(c1ccccc1)C*,C(c1ccccc1)CC(c1ccccc1)CC(c1ccccc1)CC(c1ccccc1)CC(c1ccccc1)CC(c1ccccc1)CC(c1ccccc1)CC(c1ccccc1)CC(c1ccccc1)CC(c1ccccc1)C
1.6992786164338898,Polystyrene,"Benzene, ethyl",CCc1ccccc1,11.238488619268468,453.2,Linear,C=CC1=CC=CC=C1,C(c1ccccc1)C,C(c1ccccc1)C,C*(c1ccccc1)C*,C(c1ccccc1)CC(c1ccccc1)CC(c1ccccc1)CC(c1ccccc1)CC(c1ccccc1)CC(c1ccccc1)CC(c1ccccc1)CC(c1ccccc1)CC(c1ccccc1)CC(c1ccccc1)C
1.6213664832993742,Polystyrene,"Benzene, ethyl",CCc1ccccc1,10.832891923555666,463.0,Atactic,C=CC1=CC=CC=C1,C(c1ccccc1)C,C(c1ccccc1)C,C*(c1ccccc1)C*,C(c1ccccc1)CC(c1ccccc1)CC(c1ccccc1)CC(c1ccccc1)CC(c1ccccc1)CC(c1ccccc1)CC(c1ccccc1)CC(c1ccccc1)CC(c1ccccc1)CC(c1ccccc1)C
1.790091412127358,Polystyrene,"Benzene, ethyl",CCc1ccccc1,9.711721536914174,465.1,Atactic,C=CC1=CC=CC=C1,C(c1ccccc1)C,C(c1ccccc1)C,C*(c1ccccc1)C*,C(c1ccccc1)CC(c1ccccc1)CC(c1ccccc1)CC(c1ccccc1)CC(c1ccccc1)CC(c1ccccc1)CC(c1ccccc1)CC(c1ccccc1)CC(c1ccccc1)CC(c1ccccc1)C
1.8115620965242347,Polystyrene,"Benzene, ethyl",CCc1ccccc1,9.711721536914174,469.5,Atactic,C=CC1=CC=CC=C1,C(c1ccccc1)C,C(c1ccccc1)C,C*(c1ccccc1)C*,C(c1ccccc1)CC(c1ccccc1)CC(c1ccccc1)CC(c1ccccc1)CC(c1ccccc1)CC(c1ccccc1)CC(c1ccccc1)CC(c1ccccc1)CC(c1ccccc1)CC(c1ccccc1)C
1.7101878155342434,Polystyrene,"Benzene, ethyl",CCc1ccccc1,11.238488619268468,473.2,Linear,C=CC1=CC=CC=C1,C(c1ccccc1)C,C(c1ccccc1)C,C*(c1ccccc1)C*,C(c1ccccc1)CC(c1ccccc1)CC(c1ccccc1)CC(c1ccccc1)CC(c1ccccc1)CC(c1ccccc1)CC(c1ccccc1)CC(c1ccccc1)CC(c1ccccc1)CC(c1ccccc1)C
1.7351891177396608,Polystyrene,"Benzene, ethyl",CCc1ccccc1,11.48246625748552,473.2,,C=CC1=CC=CC=C1,C(c1ccccc1)C,C(c1ccccc1)C,C*(c1ccccc1)C*,C(c1ccccc1)CC(c1ccccc1)CC(c1ccccc1)CC(c1ccccc1)CC(c1ccccc1)CC(c1ccccc1)CC(c1ccccc1)CC(c1ccccc1)CC(c1ccccc1)CC(c1ccccc1)C
1.947195037518188,Poly(ethyl methacrylate),"Acetic acid, propyl ester",CCCOC(C)=O,11.877568578558138,417.7,,CCOC(=O)C(=C)C,CC(C)(C(=O)OCC),CC(C)(C(=O)OCC),C*C*(C)(C(=O)OCC),CC(C)(C(=O)OCC)CC(C)(C(=O)OCC)CC(C)(C(=O)OCC)CC(C)(C(=O)OCC)CC(C)(C(=O)OCC)CC(C)(C(=O)OCC)CC(C)(C(=O)OCC)CC(C)(C(=O)OCC)CC(C)(C(=O)OCC)CC(C)(C(=O)OCC)
1.4422019930581866,Poly(vinyl acetate),"Acetic acid, propyl ester",CCCOC(C)=O,10.774780918479548,374.1,,CC(=O)OC=C,C(OC(=O)C)C,C(OC(=O)C)C,C*(OC(=O)C)C*,C(OC(=O)C)CC(OC(=O)C)CC(OC(=O)C)CC(OC(=O)C)CC(OC(=O)C)CC(OC(=O)C)CC(OC(=O)C)CC(OC(=O)C)CC(OC(=O)C)CC(OC(=O)C)C
1.5390154481375546,Poly(vinyl acetate),"Acetic acid, propyl ester",CCCOC(C)=O,10.774780918479548,392.7,,CC(=O)OC=C,C(OC(=O)C)C,C(OC(=O)C)C,C*(OC(=O)C)C*,C(OC(=O)C)CC(OC(=O)C)CC(OC(=O)C)CC(OC(=O)C)CC(OC(=O)C)CC(OC(=O)C)CC(OC(=O)C)CC(OC(=O)C)CC(OC(=O)C)CC(OC(=O)C)C
1.631199404215613,Poly(vinyl acetate),"Acetic acid, propyl ester",CCCOC(C)=O,10.774780918479548,413.2,,CC(=O)OC=C,C(OC(=O)C)C,C(OC(=O)C)C,C*(OC(=O)C)C*,C(OC(=O)C)CC(OC(=O)C)CC(OC(=O)C)CC(OC(=O)C)CC(OC(=O)C)CC(OC(=O)C)CC(OC(=O)C)CC(OC(=O)C)CC(OC(=O)C)CC(OC(=O)C)C
1.7984040119467235,Poly(vinyl acetate),"Acetic acid, propyl ester",CCCOC(C)=O,10.774780918479548,433.0,,CC(=O)OC=C,C(OC(=O)C)C,C(OC(=O)C)C,C*(OC(=O)C)C*,C(OC(=O)C)CC(OC(=O)C)CC(OC(=O)C)CC(OC(=O)C)CC(OC(=O)C)CC(OC(=O)C)CC(OC(=O)C)CC(OC(=O)C)CC(OC(=O)C)CC(OC(=O)C)C
3.927482883290189,Poly(ethyl methacrylate),Propanoic acid,CCC(=O)O,11.877568578558138,417.7,,CCOC(=O)C(=C)C,CC(C)(C(=O)OCC),CC(C)(C(=O)OCC),C*C*(C)(C(=O)OCC),CC(C)(C(=O)OCC)CC(C)(C(=O)OCC)CC(C)(C(=O)OCC)CC(C)(C(=O)OCC)CC(C)(C(=O)OCC)CC(C)(C(=O)OCC)CC(C)(C(=O)OCC)CC(C)(C(=O)OCC)CC(C)(C(=O)OCC)CC(C)(C(=O)OCC)
1.308332819650179,Poly(ethylene oxide),"Diethyleneglycol, dimethyl ether",COCCOCCOC,9.277999020449997,373.2,,C1CO1,C9CO9,CCO,C*CO*,CCOCCOCCOCCOCCOCCOCCOCCOCCOCCO
1.3454723665996355,Poly(ethylene oxide),"Diethyleneglycol, dimethyl ether",COCCOCCOC,9.277999020449997,393.2,,C1CO1,C9CO9,CCO,C*CO*,CCOCCOCCOCCOCCOCCOCCOCCOCCOCCO
2.0347056478384444,Polysulfone,"Diethyleneglycol, dimethyl ether",COCCOCCOC,12.89921982609012,523.2,,CC(C)(C1=CC=C(C=C1)O)C2=CC=C(C=C2)O.C1=CC(=CC=C1S(=O)(=O)C2=CC=C(C=C2)Cl)Cl,O9c1ccc(cc1)S(=O)(=O)c2ccc(cc2)Oc3ccc(cc3)C(C)(C)c4ccc9(cc4),Oc1ccc(cc1)S(=O)(=O)c2ccc(cc2)Oc3ccc(cc3)C(C)(C)c4ccc(cc4),O*c1ccc(cc1)S(=O)(=O)c2ccc(cc2)Oc3ccc(cc3)C(C)(C)c4ccc(cc4)*,Oc1ccc(cc1)S(=O)(=O)c2ccc(cc2)Oc3ccc(cc3)C(C)(C)c4ccc(cc4)Oc1ccc(cc1)S(=O)(=O)c2ccc(cc2)Oc3ccc(cc3)C(C)(C)c4ccc(cc4)Oc1ccc(cc1)S(=O)(=O)c2ccc(cc2)Oc3ccc(cc3)C(C)(C)c4ccc(cc4)Oc1ccc(cc1)S(=O)(=O)c2ccc(cc2)Oc3ccc(cc3)C(C)(C)c4ccc(cc4)Oc1ccc(cc1)S(=O)(=O)c2ccc(cc2)Oc3ccc(cc3)C(C)(C)c4ccc(cc4)Oc1ccc(cc1)S(=O)(=O)c2ccc(cc2)Oc3ccc(cc3)C(C)(C)c4ccc(cc4)Oc1ccc(cc1)S(=O)(=O)c2ccc(cc2)Oc3ccc(cc3)C(C)(C)c4ccc(cc4)Oc1ccc(cc1)S(=O)(=O)c2ccc(cc2)Oc3ccc(cc3)C(C)(C)c4ccc(cc4)Oc1ccc(cc1)S(=O)(=O)c2ccc(cc2)Oc3ccc(cc3)C(C)(C)c4ccc(cc4)Oc1ccc(cc1)S(=O)(=O)c2ccc(cc2)Oc3ccc(cc3)C(C)(C)c4ccc(cc4)
1.7833912195575383,Polysulfone,"Diethyleneglycol, dimethyl ether",COCCOCCOC,12.89921982609012,573.2,,CC(C)(C1=CC=C(C=C1)O)C2=CC=C(C=C2)O.C1=CC(=CC=C1S(=O)(=O)C2=CC=C(C=C2)Cl)Cl,O9c1ccc(cc1)S(=O)(=O)c2ccc(cc2)Oc3ccc(cc3)C(C)(C)c4ccc9(cc4),Oc1ccc(cc1)S(=O)(=O)c2ccc(cc2)Oc3ccc(cc3)C(C)(C)c4ccc(cc4),O*c1ccc(cc1)S(=O)(=O)c2ccc(cc2)Oc3ccc(cc3)C(C)(C)c4ccc(cc4)*,Oc1ccc(cc1)S(=O)(=O)c2ccc(cc2)Oc3ccc(cc3)C(C)(C)c4ccc(cc4)Oc1ccc(cc1)S(=O)(=O)c2ccc(cc2)Oc3ccc(cc3)C(C)(C)c4ccc(cc4)Oc1ccc(cc1)S(=O)(=O)c2ccc(cc2)Oc3ccc(cc3)C(C)(C)c4ccc(cc4)Oc1ccc(cc1)S(=O)(=O)c2ccc(cc2)Oc3ccc(cc3)C(C)(C)c4ccc(cc4)Oc1ccc(cc1)S(=O)(=O)c2ccc(cc2)Oc3ccc(cc3)C(C)(C)c4ccc(cc4)Oc1ccc(cc1)S(=O)(=O)c2ccc(cc2)Oc3ccc(cc3)C(C)(C)c4ccc(cc4)Oc1ccc(cc1)S(=O)(=O)c2ccc(cc2)Oc3ccc(cc3)C(C)(C)c4ccc(cc4)Oc1ccc(cc1)S(=O)(=O)c2ccc(cc2)Oc3ccc(cc3)C(C)(C)c4ccc(cc4)Oc1ccc(cc1)S(=O)(=O)c2ccc(cc2)Oc3ccc(cc3)C(C)(C)c4ccc(cc4)Oc1ccc(cc1)S(=O)(=O)c2ccc(cc2)Oc3ccc(cc3)C(C)(C)c4ccc(cc4)
3.411147712515324,Poly(methyl methacrylate),"1,2-Ethanediol",OCCO,8.717190933223135,423.0,,COC(=O)C(=C)C,C(C)(COOC)C,C(C)(COOC)C,C*(C)(COOC)C*,C(C)(COOC)CC(C)(COOC)CC(C)(COOC)CC(C)(COOC)CC(C)(COOC)CC(C)(COOC)CC(C)(COOC)CC(C)(COOC)CC(C)(COOC)CC(C)(COOC)C
3.1179499062782403,Poly(methyl methacrylate),"1,2-Ethanediol",OCCO,8.717190933223135,448.0,,COC(=O)C(=C)C,C(C)(COOC)C,C(C)(COOC)C,C*(C)(COOC)C*,C(C)(COOC)CC(C)(COOC)CC(C)(COOC)CC(C)(COOC)CC(C)(COOC)CC(C)(COOC)CC(C)(COOC)CC(C)(COOC)CC(C)(COOC)CC(C)(COOC)C
2.91235066461494,Poly(methyl methacrylate),"1,2-Ethanediol",OCCO,8.717190933223135,473.0,,COC(=O)C(=C)C,C(C)(COOC)C,C(C)(COOC)C,C*(C)(COOC)C*,C(C)(COOC)CC(C)(COOC)CC(C)(COOC)CC(C)(COOC)CC(C)(COOC)CC(C)(COOC)CC(C)(COOC)CC(C)(COOC)CC(C)(COOC)CC(C)(COOC)C
4.282206299391671,Poly(n-butyl methacrylate),"1,2-Ethanediol",OCCO,9.072915696064513,373.0,,CCCCOC(=O)C(=C)C,C(C)(C(=O)OCCCC)C,C(C)(C(=O)OCCCC)C,C*(C)(C(=O)OCCCC)C*,C(C)(C(=O)OCCCC)CC(C)(C(=O)OCCCC)CC(C)(C(=O)OCCCC)CC(C)(C(=O)OCCCC)CC(C)(C(=O)OCCCC)CC(C)(C(=O)OCCCC)CC(C)(C(=O)OCCCC)CC(C)(C(=O)OCCCC)CC(C)(C(=O)OCCCC)CC(C)(C(=O)OCCCC)C
4.05871738457895,Poly(n-butyl methacrylate),"1,2-Ethanediol",OCCO,9.072915696064513,393.0,,CCCCOC(=O)C(=C)C,C(C)(C(=O)OCCCC)C,C(C)(C(=O)OCCCC)C,C*(C)(C(=O)OCCCC)C*,C(C)(C(=O)OCCCC)CC(C)(C(=O)OCCCC)CC(C)(C(=O)OCCCC)CC(C)(C(=O)OCCCC)CC(C)(C(=O)OCCCC)CC(C)(C(=O)OCCCC)CC(C)(C(=O)OCCCC)CC(C)(C(=O)OCCCC)CC(C)(C(=O)OCCCC)CC(C)(C(=O)OCCCC)C
3.819907716520341,Poly(n-butyl methacrylate),"1,2-Ethanediol",OCCO,9.072915696064513,413.0,,CCCCOC(=O)C(=C)C,C(C)(C(=O)OCCCC)C,C(C)(C(=O)OCCCC)C,C*(C)(C(=O)OCCCC)C*,C(C)(C(=O)OCCCC)CC(C)(C(=O)OCCCC)CC(C)(C(=O)OCCCC)CC(C)(C(=O)OCCCC)CC(C)(C(=O)OCCCC)CC(C)(C(=O)OCCCC)CC(C)(C(=O)OCCCC)CC(C)(C(=O)OCCCC)CC(C)(C(=O)OCCCC)CC(C)(C(=O)OCCCC)C
3.737669618283368,Polyacrylonitrile,"1,2-Ethanediol",OCCO,10.025705185260378,413.0,,C=CC#N,C(C#N)C,C(C#N)C,C*(C#N)C*,C(C#N)CC(C#N)CC(C#N)CC(C#N)CC(C#N)CC(C#N)CC(C#N)CC(C#N)CC(C#N)CC(C#N)C
7.057036981697891,Polyisoprene,"1,2-Ethanediol",OCCO,9.287301413112312,328.0,,CC(=C)C=C,C9C=C(C)C9,CC=C(C)C,C*C=C(C)C*,CC=C(C)CCC=C(C)CCC=C(C)CCC=C(C)CCC=C(C)CCC=C(C)CCC=C(C)CCC=C(C)CCC=C(C)CCC=C(C)C
4.6443908991413725,Polystyrene,"1,2-Ethanediol",OCCO,9.903487552536127,435.5,,C=CC1=CC=CC=C1,C(c1ccccc1)C,C(c1ccccc1)C,C*(c1ccccc1)C*,C(c1ccccc1)CC(c1ccccc1)CC(c1ccccc1)CC(c1ccccc1)CC(c1ccccc1)CC(c1ccccc1)CC(c1ccccc1)CC(c1ccccc1)CC(c1ccccc1)CC(c1ccccc1)C
4.691347882229144,Polystyrene,"1,2-Ethanediol",OCCO,9.903487552536127,445.0,,C=CC1=CC=CC=C1,C(c1ccccc1)C,C(c1ccccc1)C,C*(c1ccccc1)C*,C(c1ccccc1)CC(c1ccccc1)CC(c1ccccc1)CC(c1ccccc1)CC(c1ccccc1)CC(c1ccccc1)CC(c1ccccc1)CC(c1ccccc1)CC(c1ccccc1)CC(c1ccccc1)C
3.996364153861897,Polystyrene,"1,2-Ethanediol",OCCO,9.903487552536127,492.9,,C=CC1=CC=CC=C1,C(c1ccccc1)C,C(c1ccccc1)C,C*(c1ccccc1)C*,C(c1ccccc1)CC(c1ccccc1)CC(c1ccccc1)CC(c1ccccc1)CC(c1ccccc1)CC(c1ccccc1)CC(c1ccccc1)CC(c1ccccc1)CC(c1ccccc1)CC(c1ccccc1)C
3.701301974112493,Polystyrene,"1,2-Ethanediol",OCCO,9.903487552536127,502.6,,C=CC1=CC=CC=C1,C(c1ccccc1)C,C(c1ccccc1)C,C*(c1ccccc1)C*,C(c1ccccc1)CC(c1ccccc1)CC(c1ccccc1)CC(c1ccccc1)CC(c1ccccc1)CC(c1ccccc1)CC(c1ccccc1)CC(c1ccccc1)CC(c1ccccc1)CC(c1ccccc1)C
0.7466879474879751,Poly(n-butyl methacrylate),"Ethene, trichloro",ClC=C(Cl)Cl,11.418614785498988,343.2,,CCCCOC(=O)C(=C)C,C(C)(C(=O)OCCCC)C,C(C)(C(=O)OCCCC)C,C*(C)(C(=O)OCCCC)C*,C(C)(C(=O)OCCCC)CC(C)(C(=O)OCCCC)CC(C)(C(=O)OCCCC)CC(C)(C(=O)OCCCC)CC(C)(C(=O)OCCCC)CC(C)(C(=O)OCCCC)CC(C)(C(=O)OCCCC)CC(C)(C(=O)OCCCC)CC(C)(C(=O)OCCCC)CC(C)(C(=O)OCCCC)C
0.7701082216960737,Poly(n-butyl methacrylate),"Ethene, trichloro",ClC=C(Cl)Cl,11.418614785498988,373.2,,CCCCOC(=O)C(=C)C,C(C)(C(=O)OCCCC)C,C(C)(C(=O)OCCCC)C,C*(C)(C(=O)OCCCC)C*,C(C)(C(=O)OCCCC)CC(C)(C(=O)OCCCC)CC(C)(C(=O)OCCCC)CC(C)(C(=O)OCCCC)CC(C)(C(=O)OCCCC)CC(C)(C(=O)OCCCC)CC(C)(C(=O)OCCCC)CC(C)(C(=O)OCCCC)CC(C)(C(=O)OCCCC)CC(C)(C(=O)OCCCC)C
1.536867219599265,Polystyrene,"Ethene, trichloro",ClC=C(Cl)Cl,9.903487552536127,435.5,,C=CC1=CC=CC=C1,C(c1ccccc1)C,C(c1ccccc1)C,C*(c1ccccc1)C*,C(c1ccccc1)CC(c1ccccc1)CC(c1ccccc1)CC(c1ccccc1)CC(c1ccccc1)CC(c1ccccc1)CC(c1ccccc1)CC(c1ccccc1)CC(c1ccccc1)CC(c1ccccc1)C
1.4701758451005926,Polystyrene,"Ethene, trichloro",ClC=C(Cl)Cl,9.903487552536127,445.0,,C=CC1=CC=CC=C1,C(c1ccccc1)C,C(c1ccccc1)C,C*(c1ccccc1)C*,C(c1ccccc1)CC(c1ccccc1)CC(c1ccccc1)CC(c1ccccc1)CC(c1ccccc1)CC(c1ccccc1)CC(c1ccccc1)CC(c1ccccc1)CC(c1ccccc1)CC(c1ccccc1)C
1.308332819650179,Polystyrene,"Ethene, trichloro",ClC=C(Cl)Cl,9.903487552536127,492.9,,C=CC1=CC=CC=C1,C(c1ccccc1)C,C(c1ccccc1)C,C*(c1ccccc1)C*,C(c1ccccc1)CC(c1ccccc1)CC(c1ccccc1)CC(c1ccccc1)CC(c1ccccc1)CC(c1ccccc1)CC(c1ccccc1)CC(c1ccccc1)CC(c1ccccc1)CC(c1ccccc1)C
1.118414915964289,Polystyrene,"Ethene, trichloro",ClC=C(Cl)Cl,9.903487552536127,502.6,,C=CC1=CC=CC=C1,C(c1ccccc1)C,C(c1ccccc1)C,C*(c1ccccc1)C*,C(c1ccccc1)CC(c1ccccc1)CC(c1ccccc1)CC(c1ccccc1)CC(c1ccccc1)CC(c1ccccc1)CC(c1ccccc1)CC(c1ccccc1)CC(c1ccccc1)CC(c1ccccc1)C
1.8389610707123487,Poly(vinyl trimethylsilane),Propane,CCC,13.122363377404328,383.0,,C[Si](C)(C)C=C,C([Si](C)(C)C)C,C([Si](C)(C)C)C,C*([Si](C)(C)C)C*,C([Si](C)(C)C)CC([Si](C)(C)C)CC([Si](C)(C)C)CC([Si](C)(C)C)CC([Si](C)(C)C)CC([Si](C)(C)C)CC([Si](C)(C)C)CC([Si](C)(C)C)CC([Si](C)(C)C)CC([Si](C)(C)C)C
2.113842968397168,Polystyrene,2-Octene (cis),C/C=C\CCCCC,10.832891923555666,403.0,Atactic,C=CC1=CC=CC=C1,C(c1ccccc1)C,C(c1ccccc1)C,C*(c1ccccc1)C*,C(c1ccccc1)CC(c1ccccc1)CC(c1ccccc1)CC(c1ccccc1)CC(c1ccccc1)CC(c1ccccc1)CC(c1ccccc1)CC(c1ccccc1)CC(c1ccccc1)CC(c1ccccc1)C
2.0831845279586703,Polystyrene,2-Octene (cis),C/C=C\CCCCC,10.832891923555666,418.0,Atactic,C=CC1=CC=CC=C1,C(c1ccccc1)C,C(c1ccccc1)C,C*(c1ccccc1)C*,C(c1ccccc1)CC(c1ccccc1)CC(c1ccccc1)CC(c1ccccc1)CC(c1ccccc1)CC(c1ccccc1)CC(c1ccccc1)CC(c1ccccc1)CC(c1ccccc1)CC(c1ccccc1)C
2.074428999856292,Polystyrene,2-Octene (cis),C/C=C\CCCCC,10.832891923555666,423.0,Atactic,C=CC1=CC=CC=C1,C(c1ccccc1)C,C(c1ccccc1)C,C*(c1ccccc1)C*,C(c1ccccc1)CC(c1ccccc1)CC(c1ccccc1)CC(c1ccccc1)CC(c1ccccc1)CC(c1ccccc1)CC(c1ccccc1)CC(c1ccccc1)CC(c1ccccc1)CC(c1ccccc1)C
2.0769384114617173,Polystyrene,2-Octene (cis),C/C=C\CCCCC,10.832891923555666,433.0,Atactic,C=CC1=CC=CC=C1,C(c1ccccc1)C,C(c1ccccc1)C,C*(c1ccccc1)C*,C(c1ccccc1)CC(c1ccccc1)CC(c1ccccc1)CC(c1ccccc1)CC(c1ccccc1)CC(c1ccccc1)CC(c1ccccc1)CC(c1ccccc1)CC(c1ccccc1)CC(c1ccccc1)C
2.039920783517553,Polystyrene,2-Octene (cis),C/C=C\CCCCC,10.832891923555666,443.0,Atactic,C=CC1=CC=CC=C1,C(c1ccccc1)C,C(c1ccccc1)C,C*(c1ccccc1)C*,C(c1ccccc1)CC(c1ccccc1)CC(c1ccccc1)CC(c1ccccc1)CC(c1ccccc1)CC(c1ccccc1)CC(c1ccccc1)CC(c1ccccc1)CC(c1ccccc1)CC(c1ccccc1)C
2.0731719286662407,Polystyrene,2-Octene (cis),C/C=C\CCCCC,10.832891923555666,448.0,Atactic,C=CC1=CC=CC=C1,C(c1ccccc1)C,C(c1ccccc1)C,C*(c1ccccc1)C*,C(c1ccccc1)CC(c1ccccc1)CC(c1ccccc1)CC(c1ccccc1)CC(c1ccccc1)CC(c1ccccc1)CC(c1ccccc1)CC(c1ccccc1)CC(c1ccccc1)CC(c1ccccc1)C
2.032087845296365,Polystyrene,2-Octene (cis),C/C=C\CCCCC,10.832891923555666,463.0,Atactic,C=CC1=CC=CC=C1,C(c1ccccc1)C,C(c1ccccc1)C,C*(c1ccccc1)C*,C(c1ccccc1)CC(c1ccccc1)CC(c1ccccc1)CC(c1ccccc1)CC(c1ccccc1)CC(c1ccccc1)CC(c1ccccc1)CC(c1ccccc1)CC(c1ccccc1)CC(c1ccccc1)C
1.631199404215613,Polystyrene,"Benzene, methoxy",COc1ccccc1,9.711721536914174,442.5,Atactic,C=CC1=CC=CC=C1,C(c1ccccc1)C,C(c1ccccc1)C,C*(c1ccccc1)C*,C(c1ccccc1)CC(c1ccccc1)CC(c1ccccc1)CC(c1ccccc1)CC(c1ccccc1)CC(c1ccccc1)CC(c1ccccc1)CC(c1ccccc1)CC(c1ccccc1)CC(c1ccccc1)C
1.6074359097634274,Polystyrene,"Benzene, methoxy",COc1ccccc1,9.711721536914174,452.5,Atactic,C=CC1=CC=CC=C1,C(c1ccccc1)C,C(c1ccccc1)C,C*(c1ccccc1)C*,C(c1ccccc1)CC(c1ccccc1)CC(c1ccccc1)CC(c1ccccc1)CC(c1ccccc1)CC(c1ccccc1)CC(c1ccccc1)CC(c1ccccc1)CC(c1ccccc1)CC(c1ccccc1)C
1.623340817603092,Polystyrene,"Benzene, methoxy",COc1ccccc1,9.711721536914174,465.1,Atactic,C=CC1=CC=CC=C1,C(c1ccccc1)C,C(c1ccccc1)C,C*(c1ccccc1)C*,C(c1ccccc1)CC(c1ccccc1)CC(c1ccccc1)CC(c1ccccc1)CC(c1ccccc1)CC(c1ccccc1)CC(c1ccccc1)CC(c1ccccc1)CC(c1ccccc1)CC(c1ccccc1)C
1.6486586255873816,Polystyrene,"Benzene, methoxy",COc1ccccc1,9.711721536914174,469.5,Atactic,C=CC1=CC=CC=C1,C(c1ccccc1)C,C(c1ccccc1)C,C*(c1ccccc1)C*,C(c1ccccc1)CC(c1ccccc1)CC(c1ccccc1)CC(c1ccccc1)CC(c1ccccc1)CC(c1ccccc1)CC(c1ccccc1)CC(c1ccccc1)CC(c1ccccc1)CC(c1ccccc1)C
2.021547563260933,Polystyrene,Cyclopentane,C1CCCC1,11.608235644774552,448.0,,C=CC1=CC=CC=C1,C(c1ccccc1)C,C(c1ccccc1)C,C*(c1ccccc1)C*,C(c1ccccc1)CC(c1ccccc1)CC(c1ccccc1)CC(c1ccccc1)CC(c1ccccc1)CC(c1ccccc1)CC(c1ccccc1)CC(c1ccccc1)CC(c1ccccc1)CC(c1ccccc1)C
3.093312601892855,Polystyrene,"Ether, diisopropyl",CC(C)OC(C)C,9.903487552536127,435.5,,C=CC1=CC=CC=C1,C(c1ccccc1)C,C(c1ccccc1)C,C*(c1ccccc1)C*,C(c1ccccc1)CC(c1ccccc1)CC(c1ccccc1)CC(c1ccccc1)CC(c1ccccc1)CC(c1ccccc1)CC(c1ccccc1)CC(c1ccccc1)CC(c1ccccc1)CC(c1ccccc1)C
2.7427736371605955,Polystyrene,"Ether, diisopropyl",CC(C)OC(C)C,9.903487552536127,445.0,,C=CC1=CC=CC=C1,C(c1ccccc1)C,C(c1ccccc1)C,C*(c1ccccc1)C*,C(c1ccccc1)CC(c1ccccc1)CC(c1ccccc1)CC(c1ccccc1)CC(c1ccccc1)CC(c1ccccc1)CC(c1ccccc1)CC(c1ccccc1)CC(c1ccccc1)CC(c1ccccc1)C
2.4265710727750367,Polystyrene,"Ether, diisopropyl",CC(C)OC(C)C,9.903487552536127,492.9,,C=CC1=CC=CC=C1,C(c1ccccc1)C,C(c1ccccc1)C,C*(c1ccccc1)C*,C(c1ccccc1)CC(c1ccccc1)CC(c1ccccc1)CC(c1ccccc1)CC(c1ccccc1)CC(c1ccccc1)CC(c1ccccc1)CC(c1ccccc1)CC(c1ccccc1)CC(c1ccccc1)C
2.4265710727750367,Polystyrene,"Ether, diisopropyl",CC(C)OC(C)C,9.903487552536127,502.6,,C=CC1=CC=CC=C1,C(c1ccccc1)C,C(c1ccccc1)C,C*(c1ccccc1)C*,C(c1ccccc1)CC(c1ccccc1)CC(c1ccccc1)CC(c1ccccc1)CC(c1ccccc1)CC(c1ccccc1)CC(c1ccccc1)CC(c1ccccc1)CC(c1ccccc1)CC(c1ccccc1)C
2.0781907597781832,Polysulfone,"Benzene, dimethyl (isomer not specified)",Cc1cccc(C)c1,12.89921982609012,523.2,,CC(C)(C1=CC=C(C=C1)O)C2=CC=C(C=C2)O.C1=CC(=CC=C1S(=O)(=O)C2=CC=C(C=C2)Cl)Cl,O9c1ccc(cc1)S(=O)(=O)c2ccc(cc2)Oc3ccc(cc3)C(C)(C)c4ccc9(cc4),Oc1ccc(cc1)S(=O)(=O)c2ccc(cc2)Oc3ccc(cc3)C(C)(C)c4ccc(cc4),O*c1ccc(cc1)S(=O)(=O)c2ccc(cc2)Oc3ccc(cc3)C(C)(C)c4ccc(cc4)*,Oc1ccc(cc1)S(=O)(=O)c2ccc(cc2)Oc3ccc(cc3)C(C)(C)c4ccc(cc4)Oc1ccc(cc1)S(=O)(=O)c2ccc(cc2)Oc3ccc(cc3)C(C)(C)c4ccc(cc4)Oc1ccc(cc1)S(=O)(=O)c2ccc(cc2)Oc3ccc(cc3)C(C)(C)c4ccc(cc4)Oc1ccc(cc1)S(=O)(=O)c2ccc(cc2)Oc3ccc(cc3)C(C)(C)c4ccc(cc4)Oc1ccc(cc1)S(=O)(=O)c2ccc(cc2)Oc3ccc(cc3)C(C)(C)c4ccc(cc4)Oc1ccc(cc1)S(=O)(=O)c2ccc(cc2)Oc3ccc(cc3)C(C)(C)c4ccc(cc4)Oc1ccc(cc1)S(=O)(=O)c2ccc(cc2)Oc3ccc(cc3)C(C)(C)c4ccc(cc4)Oc1ccc(cc1)S(=O)(=O)c2ccc(cc2)Oc3ccc(cc3)C(C)(C)c4ccc(cc4)Oc1ccc(cc1)S(=O)(=O)c2ccc(cc2)Oc3ccc(cc3)C(C)(C)c4ccc(cc4)Oc1ccc(cc1)S(=O)(=O)c2ccc(cc2)Oc3ccc(cc3)C(C)(C)c4ccc(cc4)
1.981001468866584,Polysulfone,"Benzene, dimethyl (isomer not specified)",Cc1cccc(C)c1,12.89921982609012,573.2,,CC(C)(C1=CC=C(C=C1)O)C2=CC=C(C=C2)O.C1=CC(=CC=C1S(=O)(=O)C2=CC=C(C=C2)Cl)Cl,O9c1ccc(cc1)S(=O)(=O)c2ccc(cc2)Oc3ccc(cc3)C(C)(C)c4ccc9(cc4),Oc1ccc(cc1)S(=O)(=O)c2ccc(cc2)Oc3ccc(cc3)C(C)(C)c4ccc(cc4),O*c1ccc(cc1)S(=O)(=O)c2ccc(cc2)Oc3ccc(cc3)C(C)(C)c4ccc(cc4)*,Oc1ccc(cc1)S(=O)(=O)c2ccc(cc2)Oc3ccc(cc3)C(C)(C)c4ccc(cc4)Oc1ccc(cc1)S(=O)(=O)c2ccc(cc2)Oc3ccc(cc3)C(C)(C)c4ccc(cc4)Oc1ccc(cc1)S(=O)(=O)c2ccc(cc2)Oc3ccc(cc3)C(C)(C)c4ccc(cc4)Oc1ccc(cc1)S(=O)(=O)c2ccc(cc2)Oc3ccc(cc3)C(C)(C)c4ccc(cc4)Oc1ccc(cc1)S(=O)(=O)c2ccc(cc2)Oc3ccc(cc3)C(C)(C)c4ccc(cc4)Oc1ccc(cc1)S(=O)(=O)c2ccc(cc2)Oc3ccc(cc3)C(C)(C)c4ccc(cc4)Oc1ccc(cc1)S(=O)(=O)c2ccc(cc2)Oc3ccc(cc3)C(C)(C)c4ccc(cc4)Oc1ccc(cc1)S(=O)(=O)c2ccc(cc2)Oc3ccc(cc3)C(C)(C)c4ccc(cc4)Oc1ccc(cc1)S(=O)(=O)c2ccc(cc2)Oc3ccc(cc3)C(C)(C)c4ccc(cc4)Oc1ccc(cc1)S(=O)(=O)c2ccc(cc2)Oc3ccc(cc3)C(C)(C)c4ccc(cc4)
